

--- METRICS ---

Number of edges in ground truth (label summary matrix): 16
Number of correctly predicted edges (True Positives): 10
Number of correct non-edges (True Negatives): 124
Number of incorrectly predicted edges (False Positives): 29
Number of correct edges not predicted (False Negatives): 6
Precision: 0.2564
Recall: 0.6250
F1 Score: 0.3636

--- ORDER ANALYSIS---

Predicted Causal Order: [12, 10, 11, 4, 9, 2, 3, 7, 8, 0, 1, 5, 6]
Number of wrongly ordered cause-effect pairs: 0
0 Wrongly ordered pairs in ground truth causal matrix:


==================================================

--- ESTIMATED SUMMARY MATRIX ---
(Represents the estimated causal effect across all lags after pruning)

0,0,1,1,0,0,0,1,0,0,0,1,0
1,0,1,1,0,0,0,1,1,0,0,1,1
0,0,0,0,0,0,0,0,0,0,0,1,1
0,0,1,0,1,0,0,0,0,0,1,1,1
0,0,0,0,0,0,0,0,0,0,0,1,1
1,0,1,0,0,0,0,1,0,0,0,0,1
0,1,0,1,0,0,0,0,1,0,0,0,1
0,0,1,1,0,0,0,0,0,0,0,1,1
0,0,0,1,0,0,0,1,0,0,0,1,1
0,0,0,0,0,0,0,0,0,0,0,0,1
0,0,0,0,0,0,0,0,0,0,0,0,1
0,0,0,0,0,0,0,0,0,0,0,0,1
0,0,0,0,0,0,0,0,0,0,0,0,0



==================================================

--- CONTINUOUS SUMMARY MATRIX ---
(Represents the max estimated causal effect across all lags before pruning)

0.000000,0.000000,0.017929,0.000994,0.000000,0.000000,0.000000,0.004947,0.000472,0.000000,0.000000,0.001362,0.000000
4.777980,0.000000,0.314354,0.151350,0.000149,0.000000,0.000000,0.083599,0.008309,0.000029,0.000000,0.096546,0.085541
0.000000,0.000000,0.000000,0.000000,0.000060,0.000000,0.000000,0.000000,0.000000,0.000013,0.000000,0.028058,0.052130
0.000000,0.000000,0.817790,0.000000,0.001027,0.000000,0.000000,0.000000,0.000000,0.000246,0.829093,0.423282,0.549570
0.000000,0.000000,0.000000,0.000000,0.000000,0.000000,0.000000,0.000000,0.000000,0.000000,0.000000,83.798656,98.188685
0.755777,0.000000,0.005286,0.000000,0.000000,0.000000,0.000000,0.003756,0.000311,0.000000,0.000000,0.000000,0.001114
0.000000,0.273809,0.000000,0.059948,0.000000,0.000000,0.000000,0.000000,0.244867,0.000191,0.000000,0.000000,0.084900
0.000000,0.000000,0.366324,0.015722,0.000000,0.000000,0.000000,0.000000,0.000000,0.000000,0.000000,0.046422,0.065386
0.000000,0.000000,0.000000,0.417399,0.000349,0.000000,0.000000,1.712268,0.000000,0.000639,0.000000,0.422845,0.598388
0.000000,0.000000,0.000000,0.000000,0.000000,0.000000,0.000000,0.000000,0.000000,0.000000,0.000000,0.000000,142.138616
0.000000,0.000000,0.000000,0.000000,0.000000,0.000000,0.000000,0.000000,0.000000,0.000000,0.000000,0.000000,0.018492
0.000000,0.000000,0.000000,0.000000,0.000000,0.000000,0.000000,0.000000,0.000000,0.000000,0.000000,0.000000,0.349880
0.000000,0.000000,0.000000,0.000000,0.000000,0.000000,0.000000,0.000000,0.000000,0.000000,0.000000,0.000000,0.000000
